1,Q,R,755.493,442.725,14.1446
2,Q,R,621.533,270.117,37.9053
3,I,100001,659.729,962.372,0
4,U,481,693.176,95.3674,0
5,I,100002,413.971,877.014,0
6,I,100003,527.588,166.656,0
7,I,100004,87.8601,656.219,0
8,Q,R,461.597,576.025,30.7257
9,D,61
10,U,198,954.651,460.114,0
11,Q,K,720.093,769.507,11
12,I,100005,188.568,423.767,0
13,D,142
14,U,318,49.8352,429.169,0
15,I,100006,608.643,684.753,0
16,D,323
17,Q,K,743.335,606.299,10
18,Q,W,435.4,261.475,58.013
19,Q,W,675.708,205.444,69.3893
20,I,100007,721.344,78.4912,0
21,D,384
22,Q,K,209.155,646.021,54
23,D,78
24,Q,W,664.771,509.741,88.9917
25,D,349
26,D,329
27,U,8,476.044,966.492,0
28,U,289,970.642,109.314,0
29,D,251
30,U,47,439.941,405.914,0
31,D,264
32,I,100008,511.23,12.0239,0
33,I,100009,740.295,246.033,0
34,I,100010,236.359,510.101,0
35,D,145
36,Q,R,425.049,384.741,58.7683
37,D,55
38,D,321
39,I,100011,138.855,333.801,0
40,U,276,642.639,778.687,0
41,I,100012,512.573,678.497,0
42,D,361
43,Q,W,124.219,212.5,87.157
44,I,100013,821.411,783.6,0
45,D,8
46,U,289,997.559,986.176,0
47,U,458,17.0288,271.729,0
48,U,139,10.8948,68.7866,0
49,U,421,741.974,842.896,0
50,D,235
51,Q,W,255.957,513.867,74.8633
52,Q,R,791.943,470.361,47.3563
53,D,309
54,Q,R,758.228,348.584,89.53
55,D,264
56,I,100014,407.684,549.896,0
57,I,100015,156.952,707.153,0
58,Q,K,502.026,641.064,20
59,U,2,151.245,356.842,0
60,Q,R,231.055,707.788,76.7996
61,I,100016,915.009,400.757,0
62,Q,K,863.403,561.255,44
63,I,100017,831.848,744.385,0
64,I,100018,548.096,422.821,0
65,Q,R,203.931,800,47.2272
66,I,100019,66.4978,0.946045,0
67,Q,W,316.748,226.367,33.6288
68,I,100020,444.824,746.185,0
69,I,100021,373.962,99.3958,0
70,I,100022,3.60107,485.962,0
71,I,100023,501.709,810.547,0
72,D,169
73,D,215
74,Q,W,369.36,360.791,71.6031
75,Q,R,486.499,708.032,44.2856
76,I,100024,570.953,825.867,0
77,I,100025,836.761,378.265,0
78,Q,W,612.134,252.856,27.4106
79,Q,W,527.197,565.698,40.5283
80,D,415
81,D,78
82,D,180
83,Q,K,750.073,191.089,60
84,U,438,127.197,460.907,0
85,D,325
86,D,426
87,I,100026,362.183,628.113,0
88,D,138
89,U,93,560.333,243.958,0
90,D,424
91,Q,K,890.479,660.742,10
92,U,58,984.344,42.5415,0
93,Q,K,514.624,439.38,62
94,Q,W,133.374,847.974,13.7189
95,Q,W,338.77,523.169,48.8559
96,Q,R,773.267,713.867,26.68
97,U,232,901.825,807.129,0
98,U,87,897.186,759.155,0
99,U,5,262.207,750.519,0
100,U,299,687.988,769.104,0
101,Q,K,311.914,788.159,59
102,U,234,308.228,415.405,0
103,Q,K,108.545,674.341,6
104,I,100027,952.24,842.499,0
105,Q,R,674.634,157.983,19.9619
106,I,100028,82.9773,828.4,0
107,I,100029,70.2515,442.169,0
108,Q,R,604.199,808.008,59.5593
109,I,100030,403.32,385.773,0
110,I,100031,899.597,216.003,0
111,D,104
112,I,100032,266.266,827.24,0
113,I,100033,451.233,160.98,0
114,Q,R,363.574,712.842,40.8249
115,I,100034,670.441,54.4739,0
116,Q,R,319.067,224.902,15.8282
117,D,418
118,I,100035,309.357,624.42,0
119,U,448,868.5,978.271,0
120,D,346
121,D,323
122,Q,W,195.02,761.743,50.5121
123,D,268
124,I,100036,252.106,454.681,0
125,D,479
126,I,100037,382.538,54.1382,0
127,Q,W,342.261,109.399,30.3192
128,Q,W,510.84,817.993,52.4072
129,I,100038,806.519,59.1431,0
130,U,41,806.976,795.898,0
131,U,86,30.7922,422.791,0
132,I,100039,454.224,676.605,0
133,D,11
134,I,100040,477.417,12.8479,0
135,D,337
136,D,268
137,D,267
138,Q,K,628.809,670.801,11
139,Q,R,303.394,870.142,69.5734
140,U,317,185.608,576.569,0
141,D,109
142,Q,W,357.886,670.752,62.6492
143,I,100041,495.453,980.042,0
144,Q,K,311.597,717.725,39
145,U,493,838.593,165.924,0
146,D,76
147,I,100042,367.096,741.425,0
148,I,100043,592.651,537.994,0
149,Q,W,535.01,446.802,86.7752
150,D,217
151,Q,W,891.284,557.715,42.4838
152,U,325,578.827,146.759,0
153,U,89,53.8025,375.824,0
154,D,323
155,D,314
156,I,100044,37.384,530.182,0
157,I,100045,977.234,253.479,0
158,Q,K,327.026,651.392,23
159,I,100046,654.053,820.709,0
160,Q,K,571.167,193.677,7
161,D,473
162,I,100047,165.283,766.846,0
163,U,335,155.975,331.085,0
164,D,411
165,D,386
166,Q,R,231.689,859.741,72.5754
167,D,350
168,U,35,408.6,274.78,0
169,Q,W,303.418,533.569,91.5488
170,Q,K,396.948,833.032,27
171,U,68,458.832,177.704,0
172,I,100048,22.0947,312.897,0
173,U,29,403.473,169.22,0
174,D,95
175,Q,R,117.798,408.838,28.5284
176,I,100049,194.55,221.161,0
177,D,199
178,I,100050,118.195,659.851,0
179,Q,W,791.235,635.645,40.8524
180,I,100051,437.195,631.683,0
181,U,125,771.942,418.457,0
182,U,40,362.671,797.302,0
183,Q,K,264.722,284.375,64
184,Q,W,473.096,245.02,46.9003
185,Q,K,367.261,677.71,2
186,Q,R,219.336,300.073,31.5744
187,I,100052,197.998,671.082,0
188,I,100053,436.249,902.496,0
189,U,197,156.891,166.87,0
190,U,94,477.631,699.768,0
191,U,219,901.947,862.549,0
192,Q,R,310.132,816.87,72.2787
193,D,370
194,D,51
195,D,303
196,I,100054,38.2996,105.988,0
197,Q,W,219.58,448.218,77.4863
198,D,6
199,D,349
200,D,434
201,I,100055,113.159,425.11,0
202,D,8
203,D,381
204,I,100056,330.841,463.593,0
205,Q,W,481.274,449.097,41.6626
206,I,100057,192.291,301.849,0
207,U,440,286.865,885.742,0
208,Q,W,630.737,619.946,68.1314
209,Q,W,839.844,131.006,30.495
210,U,321,336.151,952.393,0
211,I,100058,964.722,24.7192,0
212,U,45,523.499,414.215,0
213,U,74,530.823,373.901,0
214,D,51
215,U,212,217.316,431.763,0
216,I,100059,621.979,678.284,0
217,Q,W,186.353,535.742,43.6594
218,I,100060,126.801,313.141,0
219,U,373,742.249,998.444,0
220,U,250,861.603,328.583,0
221,Q,W,784.326,255.176,11.7084
222,D,132
223,D,390
224,U,218,701.508,872.528,0
225,U,332,915.375,471.802,0
226,I,100061,152.496,763.458,0
227,Q,K,174.023,267.773,11
228,Q,R,853.735,354.761,26.6965
229,D,274
230,U,141,594.91,691.437,0
231,Q,R,233.276,211.255,69.8782
232,U,152,735.748,501.923,0
233,Q,K,808.96,479.883,59
234,U,428,511.353,981.842,0
235,Q,W,221.606,210.425,67.6892
236,Q,W,806.055,347.729,57.4857
237,D,381
238,U,271,653.259,389.099,0
239,Q,R,155.347,822.583,85.5173
240,I,100062,426.514,905.151,0
241,D,407
242,I,100063,145.569,910.645,0
243,I,100064,590.21,533.813,0
244,U,460,658.173,18.5852,0
245,Q,W,215.845,582.666,24.9661
246,U,439,180.45,830.75,0
247,D,10
248,D,184
249,D,476
250,U,452,760.803,624.39,0
251,Q,W,615.234,887.524,50.0836
252,I,100065,950.287,708.13,0
253,I,100066,63.7512,960.663,0
254,D,179
255,U,22,826.66,888.275,0
256,I,100067,217.01,90.6067,0
257,I,100068,116.394,251.556,0
258,I,100069,66.4673,218.872,0
259,U,193,551.697,336.548,0
260,D,409
261,U,258,271.759,850.067,0
262,U,137,13.5803,558.838,0
263,D,313
264,I,100070,270.294,824.432,0
265,U,338,940.918,116.211,0
266,I,100071,937.378,721.222,0
267,Q,K,368.604,873.193,4
268,Q,W,697.339,789.917,26.1554
269,Q,W,370.776,348.73,43.382
270,U,491,900.146,672.699,0
271,Q,R,740.479,862.061,71.4685
272,I,100072,221.71,9.12476,0
273,I,100073,655.457,409.882,0
274,Q,R,677.783,560.84,36.5704
275,D,314
276,U,351,94.6655,671.906,0
277,Q,R,743.115,876.416,41.6241
278,I,100074,156.128,741.943,0
279,U,279,521.606,82.4585,0
280,D,21
281,U,480,88.7756,881.683,0
282,D,401
283,Q,W,255.64,360.767,78.9914
284,I,100075,579.132,202.332,0
285,U,351,665.649,422.333,0
286,Q,K,180.615,834.595,15
287,I,100076,145.935,164.124,0
288,D,265
289,U,276,803.04,604.828,0
290,D,312
291,Q,R,485.913,712.231,82.6141
292,I,100077,287.598,471.069,0
293,Q,R,212.695,589.209,79.4089
294,I,100078,640.228,880.31,0
295,D,360
296,D,4
297,D,83
298,I,100079,348.236,186.127,0
299,Q,W,752.344,877.466,99.1513
300,U,163,142.883,194.916,0
301,Q,W,277.954,396.24,32.522
302,U,393,494.171,562.408,0
303,I,100080,695.679,773.224,0
304,Q,K,839.966,689.575,22
305,D,318
306,D,283
307,D,375
308,U,279,600.861,84.5032,0
309,Q,W,191.968,481.323,26.7624
310,I,100081,230.469,667.725,0
311,D,272
312,D,203
313,Q,K,850.024,194.092,15
314,Q,K,621.899,142.358,7
315,I,100082,620.087,744.08,0
316,I,100083,580.17,762.329,0
317,U,108,411.682,837.86,0
318,Q,K,853.687,457.983,23
319,U,84,619.08,792.694,0
320,Q,K,350.098,104.492,35
321,U,478,337.616,98.2666,0
322,D,11
323,Q,R,382.642,178.125,69.7849
324,D,74
325,I,100084,353.577,71.5942,0
326,Q,K,255.347,292.773,60
327,U,168,328.247,84.9609,0
328,Q,R,200.464,391.724,89.585
329,I,100085,370.728,956.726,0
330,D,424
331,I,100086,939.27,49.8962,0
332,I,100087,436.859,631.592,0
333,I,100088,584.869,447.083,0
334,D,188
335,U,13,265.9,576.569,0
336,U,283,516.51,834.198,0
337,Q,R,344.702,410.815,72.6413
338,Q,K,358.081,747.729,61
339,D,365
340,Q,R,876.318,626.758,54.9725
341,I,100089,519.379,740.204,0
342,U,128,584.29,740.326,0
343,Q,K,287.134,429.761,42
344,U,203,504.181,673.401,0
345,D,311
346,U,354,423.187,180.176,0
347,I,100090,528.992,950.287,0
348,I,100091,449.036,715.088,0
349,D,348
350,D,464
351,U,421,631.561,287.415,0
352,I,100092,252.045,202.209,0
353,D,38
354,I,100093,982.971,198.639,0
355,D,393
356,Q,R,712.939,222.949,62.7728
357,Q,R,212.402,572.07,34.1617
358,I,100094,980.194,262.939,0
359,I,100095,179.81,211.09,0
360,Q,W,793.677,317.676,95.7675
361,I,100096,146.454,294.312,0
362,D,459
363,D,404
364,U,39,514.435,607.605,0
365,U,257,137.024,47.7905,0
366,U,332,164.307,223.999,0
367,I,100097,316.62,162.231,0
368,I,100098,790.527,1.2207,0
369,Q,K,515.381,850.122,44
370,U,34,567.505,393.799,0
371,Q,K,124.854,723.486,64
372,U,136,209.656,947.845,0
373,Q,W,134.863,729.761,59.6967
374,U,378,165.955,125.458,0
375,Q,R,158.96,142.578,53.1131
376,U,429,805.725,160.736,0
377,D,484
378,Q,K,784.204,294.482,45
379,U,113,467.712,651.764,0
380,Q,K,554.712,202.734,28
381,Q,K,548.242,334.375,13
382,I,100099,851.318,567.566,0
383,I,100100,902.557,789.825,0
384,Q,R,491.992,416.675,31.8243
385,D,209
386,U,122,416.26,356.14,0
387,I,100101,283.997,142.303,0
388,U,223,220.581,470.825,0
389,U,500,355.896,490.234,0
390,U,281,919.189,163.544,0
391,Q,R,784.619,109.79,45.3403
392,D,318
393,U,48,844.299,678.802,0
394,D,32
395,I,100102,426.117,642.303,0
396,Q,R,559.131,637.744,89.725
397,Q,W,589.697,745.41,94.7128
398,D,234
399,I,100103,93.5669,149.963,0
400,Q,W,340.796,344.897,24.8618
401,I,100104,917.45,531.494,0
402,Q,W,891.87,220.386,59.2572
403,Q,K,494.092,803.687,58
404,Q,R,214.404,309.595,65.5881
405,D,327
406,I,100105,519.165,697.693,0
407,U,488,869.537,103.18,0
408,U,17,795.776,77.0264,0
409,D,158
410,D,499
411,D,91
412,U,215,108.856,553.223,0
413,I,100106,762.085,737.213,0
414,Q,R,647.534,631.006,50.3116
415,D,5
416,U,298,258.545,627.686,0
417,U,323,86.853,534.821,0
418,U,13,440.948,433.441,0
419,I,100107,768.311,142.426,0
420,I,100108,765.137,41.5344,0
421,I,100109,586.517,327.576,0
422,I,100110,437.836,859.589,0
423,Q,K,613.574,221.362,63
424,Q,R,351.855,528.223,60.9903
425,D,467
426,I,100111,866.791,294.128,0
427,Q,K,606.86,333.154,61
428,Q,R,502.417,510.156,34.7632
429,D,312
430,U,476,410.583,229.553,0
431,D,37
432,D,7
433,I,100112,368.652,757.477,0
434,D,32
435,U,467,24.4141,155.792,0
436,Q,R,652.49,608.887,24.881
437,I,100113,843.17,686.92,0
438,Q,W,298.73,839.697,16.0919
439,Q,K,386.548,244.458,6
440,U,330,821.96,905.426,0
441,D,442
442,D,117
443,Q,K,593.799,310.205,57
444,Q,K,147.974,620.361,18
445,D,401
446,D,166
447,Q,K,620.752,153.174,58
448,I,100114,453.064,395.599,0
449,U,209,159.668,495.422,0
450,U,322,841.339,850.983,0
451,I,100115,141.052,541.229,0
452,D,490
453,D,471
454,I,100116,607.727,235.626,0
455,I,100117,327.271,666.901,0
456,Q,W,743.774,268.359,90.0931
457,I,100118,980.621,609.436,0
458,I,100119,294.189,760.376,0
459,U,174,401.062,652.13,0
460,Q,R,490.259,138.33,83.7869
461,I,100120,434.143,298.676,0
462,D,64
463,U,18,570.862,905.518,0
464,Q,R,473.633,721.655,39.0506
465,D,4
466,D,116
467,D,282
468,I,100121,830.231,107.33,0
469,U,346,784.76,631.989,0
470,U,248,830.414,885.834,0
471,D,400
472,I,100122,838.745,383.545,0
473,U,100,74.9817,825.684,0
474,Q,W,118.799,243.115,81.8616
475,Q,W,160.327,223.022,93.4
476,D,137
477,D,89
478,Q,K,741.016,290.942,37
479,I,100123,413.849,410.522,0
480,Q,W,861.646,138.184,80.6036
481,Q,R,389.331,486.304,75.7587
482,D,481
483,Q,W,840.747,752.93,66.2857
484,Q,R,718.799,238.501,83.7897
485,D,401
486,Q,W,255.469,540.771,58.1366
487,I,100124,103.455,187.225,0
488,U,422,964.874,553.406,0
489,Q,W,566.431,616.382,85.1877
490,I,100125,346.161,427.429,0
491,I,100126,628.693,833.008,0
492,Q,K,166.626,216.406,31
493,I,100127,782.471,899.841,0
494,U,176,335.022,497.253,0
495,D,487
496,I,100128,746.796,567.505,0
497,Q,R,811.133,313.501,30.7285
498,Q,R,736.279,801.172,74.5282
499,Q,W,209.204,368.848,94.8914
500,Q,K,293.042,570.581,53
501,Q,K,292.773,420.703,23
502,U,329,412.14,585.205,0
503,I,100129,755.951,6.5918,0
504,I,100130,250.305,959.961,0
505,D,498
506,I,100131,450.836,453.308,0
507,D,219
508,I,100132,149.902,936.401,0
509,U,70,540.649,250.153,0
510,I,100133,580.994,365.967,0
511,U,308,664.703,885.681,0
512,I,100134,996.063,583.74,0
513,I,100135,877.808,558.563,0
514,U,307,856.537,795.563,0
515,Q,R,502.319,329.663,14.5319
516,Q,R,596.069,209.692,71.2048
517,I,100136,935.059,991.577,0
518,D,455
519,Q,W,504.858,853.613,64.852
520,U,485,318.573,15.8691,0
521,Q,R,896.68,258.472,45.6781
522,I,100137,608.917,100.586,0
523,Q,K,516.87,617.236,52
524,I,100138,248.047,85.8459,0
525,U,133,297.455,446.106,0
526,I,100139,966.4,763.58,0
527,D,295
528,I,100140,926.575,232.91,0
529,Q,W,412.451,294.482,94.0839
530,D,104
531,U,42,568.481,673.523,0
532,Q,R,740.967,875.83,91.9992
533,U,302,822.052,28.8391,0
534,U,125,834.686,179.962,0
535,Q,R,614.478,378.857,76.3931
536,U,109,946.808,767.029,0
537,U,58,108.704,464.264,0
538,I,100141,462.83,55.8777,0
539,Q,K,843.335,207.983,54
540,I,100142,925.659,571.167,0
541,Q,W,670.996,248.169,39.0012
542,Q,K,578.809,336.621,52
543,D,253
544,Q,K,693.628,361.621,1
545,D,489
546,I,100143,778.168,217.133,0
547,D,22
548,Q,R,193.726,887.207,25.3012
549,Q,R,856.177,899.414,54.1733
550,I,100144,501.099,202.667,0
551,U,490,895.416,190.857,0
552,Q,K,649.438,828.589,19
553,Q,K,444.507,385.352,59
554,U,217,256.744,460.236,0
555,I,100145,843.018,297.028,0
556,D,424
557,D,146
558,U,359,375.519,853.943,0
559,U,270,610.168,442.841,0
560,I,100146,280.212,132.111,0
561,I,100147,930.817,216.278,0
562,Q,R,264.233,404.639,86.9043
563,U,198,543.549,185.791,0
564,D,67
565,U,362,184.143,686.615,0
566,I,100148,268.585,963.776,0
567,I,100149,494.812,944.946,0
568,Q,W,793.164,626.27,86.3605
569,U,469,633.667,232.88,0
570,D,338
571,I,100150,458.374,795.715,0
572,D,227
573,U,462,383.087,0.854492,0
574,I,100151,266.632,545.288,0
575,Q,W,257.471,425.781,96.2152
576,U,298,808.167,471.344,0
577,U,189,779.083,121.857,0
578,Q,R,622.9,169.507,40.943
579,Q,R,801.318,805.298,42.6404
580,Q,R,117.969,489.868,88.1842
581,D,427
582,D,368
583,U,181,926.27,475.342,0
584,U,391,593.597,495.575,0
585,U,54,915.192,413.33,0
586,U,269,611.877,728.363,0
587,Q,R,319.043,883.154,42.6184
588,U,406,769.135,136.2,0
589,I,100152,133.575,414.734,0
590,I,100153,838.989,150.391,0
591,Q,K,562.524,680.713,22
592,D,25
593,Q,W,820.068,630.713,19.4235
594,D,331
595,Q,K,651.733,668.237,41
596,D,191
597,U,340,396.118,397.736,0
598,Q,K,893.823,459.814,50
599,I,100154,891.754,969.604,0
600,Q,K,831.665,601.147,56
601,I,100155,694.641,599.945,0
602,I,100156,235.962,820.801,0
603,Q,R,699.341,822.046,36.9824
604,Q,R,428.735,857.007,68.1232
605,I,100157,58.1055,378.174,0
606,U,217,973.236,760.162,0
607,I,100158,634.247,377.594,0
608,Q,R,577.124,672.437,94.938
609,U,113,499.847,13.9465,0
610,D,393
611,Q,W,507.886,330.054,98.3356
612,I,100159,490.601,960.358,0
613,Q,W,532.275,281.567,41.2946
614,I,100160,817.78,614.624,0
615,I,100161,483.887,684.906,0
616,Q,W,716.65,814.624,59.3506
617,D,9
618,D,68
619,U,96,41.9312,705.811,0
620,I,100162,92.865,93.811,0
621,Q,R,636.45,269.067,19.6213
622,U,411,963.379,192.993,0
623,Q,R,436.548,830.151,66.6125
624,U,123,149.689,344.452,0
625,Q,R,482.715,641.187,45.2194
626,U,291,210.876,527.344,0
627,D,495
628,Q,W,151.318,105.005,52.3331
629,U,204,142.487,60.73,0
630,Q,K,836.89,518.433,54
631,Q,R,622.021,401.66,11.5134
632,I,100163,183.96,977.325,0
633,U,100,951.569,399.323,0
634,U,63,860.657,524.658,0
635,I,100164,364.41,675.171,0
636,U,221,307.373,553.68,0
637,I,100165,299.774,204.346,0
638,Q,R,500.195,789.063,82.8888
639,Q,W,660.034,625.244,39.1467
640,Q,W,440.796,421.533,57.5845
641,Q,K,166.235,369.165,24
642,Q,K,547.729,212.207,5
643,I,100166,301.544,412.994,0
644,U,190,102.997,253.265,0
645,I,100167,73.9746,719.421,0
646,Q,R,872.339,798.267,44.7031
647,Q,R,179.639,216.187,86.506
648,U,126,141.632,32.8064,0
649,I,100168,164.154,125.854,0
650,U,437,79.2236,518.677,0
651,U,313,746.918,113.281,0
652,D,53
653,I,100169,471.527,972.626,0
654,U,340,260.742,608.978,0
655,D,320
656,I,100170,862.518,84.0149,0
657,Q,K,637.573,499.536,53
658,Q,W,802.539,191.455,31.4893
659,I,100171,508.148,244.171,0
660,I,100172,345.734,626.831,0
661,I,100173,294.098,692.749,0
662,U,376,213.623,738.373,0
663,I,100174,63.2629,741.15,0
664,Q,K,506.763,760.303,46
665,U,259,56.0913,431.549,0
666,D,411
667,Q,K,138.672,105.908,36
668,U,417,544.373,134.033,0
669,U,453,609.314,632.202,0
670,U,439,577.026,184.937,0
671,U,27,731.812,938.965,0
672,U,147,365.692,754.15,0
673,D,275
674,Q,R,288.696,656.226,13.3975
675,U,51,407.196,708.099,0
676,Q,W,658.838,478.027,45.8786
677,U,406,23.1934,32.8064,0
678,U,375,890.411,18.28,0
679,D,182
680,U,453,96.0693,2.44141,0
681,Q,K,193.091,555.786,59
682,D,183
683,Q,R,374.146,829.785,80.2164
684,U,393,636.139,616.516,0
685,I,100175,543.06,194.58,0
686,D,383
687,U,96,816.254,813.751,0
688,Q,W,144.702,158.203,96.0284
689,Q,R,356.445,475.244,10.9036
690,D,156
691,I,100176,807.983,138.947,0
692,Q,K,667.31,224.683,40
693,U,360,523.407,67.6575,0
694,D,398
695,I,100177,620.209,666.199,0
696,D,66
697,U,3,964.752,568.756,0
698,U,37,405.273,962.402,0
699,U,392,606.11,167.084,0
700,D,449
701,U,388,77.4841,305.969,0
702,D,192
703,D,119
704,Q,R,372.314,536.133,80.2466
705,D,434
706,D,197
707,Q,K,206.982,480.371,7
708,U,425,131.927,853.027,0
709,Q,R,417.7,891.162,38.4161
710,I,100178,448.486,613.708,0
711,I,100179,4.54712,941.681,0
712,Q,R,139.38,353.833,81.3425
713,Q,W,877.026,757.983,73.5861
714,Q,K,137.939,353.638,23
715,D,191
716,Q,R,712.109,722.998,78.519
717,U,477,960.541,980.56,0
718,D,492
719,U,264,864.349,30.0598,0
720,I,100180,480.469,67.8101,0
721,Q,R,891.577,852.271,91.7575
722,Q,K,753.027,560.938,45
723,I,100181,23.9563,130.829,0
724,Q,K,227.612,514.136,31
725,U,241,292.603,321.96,0
726,D,302
727,U,244,177.094,130.402,0
728,Q,W,354.907,782.153,25.7379
729,Q,R,442.48,772.925,76.3409
730,U,103,73.761,518.066,0
731,D,90
732,U,417,878.113,168.213,0
733,D,272
734,I,100182,288.391,811.249,0
735,Q,R,894.385,287.622,58.6392
736,Q,R,592.651,711.816,26.9656
737,I,100183,294.281,32.3486,0
738,Q,R,513.989,362.891,56.1096
739,U,34,181.763,867.584,0
740,I,100184,33.783,749.756,0
741,Q,R,279.639,296.436,97.6929
742,I,100185,471.863,230.286,0
743,D,392
744,Q,W,521.899,190.088,66.022
745,I,100186,438.019,206.421,0
746,Q,W,149.805,245.044,90.6396
747,Q,K,329.932,375.635,56
748,I,100187,708.801,586.578,0
749,U,81,560.028,564.087,0
750,D,396
751,U,314,234.131,720.612,0
752,U,461,805.756,881.378,0
753,D,23
754,Q,R,782.837,304.663,56.203
755,U,234,362.03,514.648,0
756,U,478,885.284,183.502,0
757,U,349,542.267,468.079,0
758,Q,W,871.216,295.85,15.04
759,Q,R,244.946,772.534,78.2251
760,U,167,990.692,220.642,0
761,U,460,872.07,875.275,0
762,D,28
763,U,352,118.561,516.174,0
764,U,446,352.386,651.764,0
765,Q,W,256.689,287.305,81.5237
766,Q,R,643.262,278.809,55.0934
767,U,32,315.887,260.651,0
768,U,353,730.072,173.859,0
769,I,100188,434.662,310.425,0
770,Q,R,579.175,318.311,50.1166
771,Q,K,136.963,160.205,48
772,U,446,975.342,880.554,0
773,U,123,27.5269,512.054,0
774,U,113,72.937,45.6848,0
775,D,346
776,U,299,824.615,742.34,0
777,Q,R,122.729,711.67,31.3766
778,D,365
779,Q,R,443.433,184.448,83.9792
780,U,384,147.217,437.714,0
781,Q,K,516.431,257.202,12
782,D,149
783,U,99,744.171,90.4541,0
784,I,100189,170.227,360.87,0
785,D,20
786,D,470
787,Q,K,498.56,238.867,14
788,D,493
789,D,137
790,I,100190,119.629,998.505,0
791,Q,W,182.52,429.492,97.6956
792,D,201
793,Q,K,151.611,853.906,17
794,D,60
795,Q,K,896.802,397.729,34
796,I,100191,266.022,703.156,0
797,I,100192,531.738,564.88,0
798,U,171,694.183,855.621,0
799,I,100193,359.772,977.173,0
800,I,100194,194.702,478.424,0
801,U,87,853.363,626.709,0
802,I,100195,44.7998,5.70679,0
803,D,138
804,U,499,408.508,700.5,0
805,U,145,323.364,336.456,0
806,D,498
807,Q,W,781.982,155.957,49.8117
808,I,100196,918.152,487.732,0
809,I,100197,554.535,64.4226,0
810,U,13,475.25,971.436,0
811,Q,K,190.527,658.179,5
812,Q,W,760.229,704.199,45.6451
813,Q,R,436.011,660.181,96.1658
814,I,100198,643.921,174.805,0
815,D,407
816,I,100199,766.418,26.2451,0
817,U,333,567.047,175.354,0
818,D,322
819,Q,K,605.029,663.062,19
820,Q,W,764.771,653.174,48.1555
821,I,100200,105.957,2.01416,0
822,D,64
823,Q,K,554.321,472.119,26
824,I,100201,787.476,176.697,0
825,D,391
826,U,161,214.05,721.771,0
827,Q,W,375.903,286.719,18.2452
828,I,100202,113.495,143.372,0
829,Q,K,875.537,111.011,39
830,D,251
831,Q,R,154.419,330.176,62.825
832,U,33,27.6184,506.592,0
833,D,10
834,D,10
835,Q,K,461.572,237.866,16
836,I,100203,683.99,383.85,0
837,Q,W,227.637,872.974,42.7365
838,Q,R,493.823,451.27,67.6865
839,I,100204,8.11768,530.182,0
840,D,88
841,U,488,84.2896,625.122,0
842,I,100205,386.566,220.886,0
843,I,100206,680.328,636.81,0
844,U,350,611.45,451.752,0
845,I,100207,224.854,562.744,0
846,I,100208,732.635,520.63,0
847,D,132
848,Q,K,640.942,881.299,59
849,U,273,482.147,910.187,0
850,I,100209,271.484,691.986,0
851,U,416,239.655,212.982,0
852,Q,R,446.606,548.56,68.6258
853,D,237
854,Q,R,279.15,857.642,45.354
855,Q,R,127.881,464.355,28.1769
856,D,281
857,Q,R,316.772,675.464,46.3263
858,I,100210,206.879,470.001,0
859,D,439
860,D,369
861,I,100211,608.398,499.207,0
862,I,100212,367.981,719.727,0
863,I,100213,317.78,627.075,0
864,U,138,44.1895,695.19,0
865,D,386
866,I,100214,828.033,30.5786,0
867,Q,K,249.292,519.434,38
868,I,100215,626.099,981.354,0
869,U,259,134.216,503.387,0
870,I,100216,602.509,768.707,0
871,D,405
872,I,100217,948.761,475.159,0
873,Q,R,250,228.345,36.0541
874,D,394
875,U,496,559.113,242.126,0
876,Q,K,562.891,425.635,47
877,Q,W,853.394,186.279,54.4315
878,Q,K,803.857,535.571,50
879,U,453,824.341,787.262,0
880,Q,R,629.858,175.537,80.2713
881,U,303,44.4031,220.703,0
882,Q,R,813.159,874.512,90.5875
883,Q,R,487.476,288.403,77.8268
884,U,248,497.131,343.292,0
885,Q,K,628.882,275.073,60
886,U,238,899.597,825.623,0
887,D,10
888,I,100218,745.941,210.449,0
889,Q,R,816.602,618.237,30.8603
890,I,100219,590.576,135.162,0
891,Q,W,480.151,629.883,53.179
892,U,205,127.35,440.063,0
893,I,100220,604.187,678.894,0
894,I,100221,228.394,185.059,0
895,Q,W,512.915,685.059,84.4681
896,I,100222,777.161,495.026,0
897,D,4
898,Q,K,136.353,829.81,50
899,U,147,811.066,662.689,0
900,I,100223,349.731,398.834,0
901,D,188
902,Q,W,213.257,624.683,39.3884
903,D,409
904,Q,R,560.742,611.182,16.265
905,D,221
906,D,418
907,U,144,676.91,771.759,0
908,Q,K,369.238,828.906,5
909,Q,W,362.085,610.254,65.5716
910,Q,K,862.012,646.021,41
911,I,100224,884.064,863.586,0
912,I,100225,680.206,981.171,0
913,Q,K,877.393,253.174,52
914,Q,K,761.23,216.333,43
915,Q,R,279.761,666.626,98.0527
916,U,191,955.963,827.24,0
917,D,131
918,D,203
919,D,183
920,Q,R,729.126,162.476,90.4474
921,U,366,443.726,928.223,0
922,Q,K,368.481,872.778,45
923,U,97,653.595,474.091,0
924,D,194
925,D,203
926,I,100226,705.597,162.201,0
927,I,100227,396.21,457.977,0
928,D,408
929,I,100228,140.9,169.586,0
930,Q,R,881.152,722.827,72.5781
931,Q,R,859.985,891.406,74.7617
932,U,272,983.49,348.328,0
933,U,231,709.442,397.766,0
934,Q,W,886.768,820.776,41.0391
935,I,100229,590.24,347.168,0
936,Q,K,279.834,401.147,51
937,D,355
938,I,100230,526.001,600.83,0
939,U,478,676.819,481.262,0
940,I,100231,44.7083,782.41,0
941,I,100232,275.757,927.795,0
942,U,287,936.523,846.985,0
943,U,92,133.179,24.4141,0
944,U,302,32.7148,6.46973,0
945,D,13
946,U,111,883.179,612.885,0
947,D,266
948,U,457,877.869,927.887,0
949,I,100233,445.282,832.764,0
950,Q,W,158.789,743.042,72.2128
951,D,426
952,U,236,508.759,128.51,0
953,D,198
954,Q,K,889.38,392.896,33
955,Q,W,470.508,387.378,69.5926
956,D,401
957,Q,W,331.763,255.811,85.4816
958,Q,K,752.148,236.914,5
959,Q,K,652.954,273.462,13
960,U,498,331.696,89.447,0
961,D,121
962,U,297,389.404,42.0837,0
963,D,251
964,Q,R,320.654,275.732,55.5328
965,D,307
966,Q,K,167.749,813.428,18
967,I,100234,867.462,539.154,0
968,U,489,84.4116,795.959,0
969,Q,R,256.323,461.353,68.0573
970,Q,K,393.872,188.989,38
971,D,35
972,Q,W,645.19,627.515,21.1182
973,D,86
974,Q,R,763.086,722.998,42.9453
975,Q,W,718.018,321.143,15.6003
976,D,128
977,U,252,997.62,837.25,0
978,Q,W,523.389,680.249,35.079
979,U,64,123.718,304.077,0
980,D,42
981,D,115
982,U,172,68.2983,323.883,0
983,Q,R,408.057,714.063,63.605
984,U,291,406.555,833.069,0
985,Q,R,433.911,743.848,29.0283
986,D,408
987,U,451,263.855,423.492,0
988,I,100235,900.208,834.381,0
989,U,337,507.568,862.732,0
990,I,100236,386.78,411.285,0
991,D,334
992,I,100237,1.89209,783.081,0
993,I,100238,17.7307,535.797,0
994,Q,W,808.691,682.446,19.1187
995,I,100239,700.134,696.533,0
996,I,100240,543.945,910.706,0
997,U,396,896.729,189.972,0
998,D,319
999,D,489
1000,U,244,503.632,593.231,0
